0 ./misc/JPEGImages/IMG_20210622_093532.jpg 3000 4000 1 981 780 2168 3126
1 ./misc/JPEGImages/IMG_20210622_093534.jpg 3000 4000 1 959 1442 1962 3570 2 1975 1611 2296 2517
2 ./misc/JPEGImages/IMG_20210622_093538.jpg 3000 4000 1 1228 1136 1990 2908 2 2590 1423 3000 2376
3 ./misc/JPEGImages/IMG_20210622_093542.jpg 3000 4000 1 1309 1114 1993 2820 2 2831 1395 3000 2342
4 ./misc/JPEGImages/IMG_20210622_093546.jpg 3000 4000 1 1303 942 2356 3033
5 ./misc/JPEGImages/IMG_20210622_093548.jpg 3000 4000 1 1318 1292 2409 3411
6 ./misc/JPEGImages/IMG_20210622_093550.jpg 3000 4000 1 718 1017 1706 3398
7 ./misc/JPEGImages/IMG_20210622_093555.jpg 3000 4000 1 71 1017 1359 3642
8 ./misc/JPEGImages/IMG_20210622_093600.jpg 3000 4000 1 975 1098 1993 3136
9 ./misc/JPEGImages/IMG_20210622_093609.jpg 3000 4000 0 256 1526 643 2295 1 1087 1061 2240 3261
10 ./misc/JPEGImages/IMG_20210622_093611.jpg 3000 4000 0 803 1580 1131 2239 1 1081 1308 2112 3345
11 ./misc/JPEGImages/IMG_20210622_093619.jpg 4000 3000 2 769 916 1331 1852 1 2056 703 2841 2452
12 ./misc/JPEGImages/IMG_20210622_093626.jpg 4000 3000 2 392 365 1103 1514 0 1944 519 2279 1180 1 2531 111 3664 1973
13 ./misc/JPEGImages/IMG_20210622_093631.jpg 4000 3000 2 172 447 1074 1762 0 1405 588 1749 1244 1 2908 373 3841 1880
14 ./misc/JPEGImages/IMG_20210622_093641.jpg 3000 4000 2 1343 998 2321 3280
15 ./misc/JPEGImages/IMG_20210622_093645.jpg 3000 4000 0 134 1305 684 2261 2 1025 742 2256 3398
16 ./misc/JPEGImages/IMG_20210622_093648.jpg 3000 4000 2 1093 836 2399 3486
17 ./misc/JPEGImages/IMG_20210622_093653.jpg 3000 4000 1 1 1239 490 2205 2 1035 873 2013 2913
18 ./misc/JPEGImages/IMG_20210622_093656.jpg 3000 4000 1 1 1492 259 2614 2 1446 970 2553 3033
19 ./misc/JPEGImages/IMG_20210622_093701.jpg 3000 4000 2 931 1117 1915 3180
20 ./misc/JPEGImages/IMG_20210622_093704.jpg 3000 4000 2 1406 942 2406 3180
21 ./misc/JPEGImages/IMG_20210622_093711.jpg 3000 4000 2 978 1436 1878 3533
22 ./misc/JPEGImages/IMG_20210622_093716.jpg 3000 4000 2 756 1473 1681 3361
23 ./misc/JPEGImages/IMG_20210622_093720.jpg 3000 4000 2 1440 1361 2487 3573
24 ./misc/JPEGImages/IMG_20210622_093724.jpg 3000 4000 0 709 970 1768 3080
25 ./misc/JPEGImages/IMG_20210622_093734.jpg 3000 4000 1 168 1961 600 2705 0 1456 1470 2353 3520
26 ./misc/JPEGImages/IMG_20210622_093736.jpg 3000 4000 0 934 833 2284 3655
27 ./misc/JPEGImages/IMG_20210622_093750.jpg 3000 4000 0 540 180 2021 3589
28 ./misc/JPEGImages/IMG_20210622_093753.jpg 3000 4000 0 721 476 2050 3564
29 ./misc/JPEGImages/IMG_20210622_093754.jpg 3000 4000 0 662 464 1981 3501
30 ./misc/JPEGImages/IMG_20210622_093803.jpg 3000 4000 0 756 1117 1971 3436
31 ./misc/JPEGImages/IMG_20210622_093816.jpg 3000 4000 1 362 1430 787 2111 0 1121 1270 1887 3105 2 1859 1373 2153 2120
32 ./misc/JPEGImages/IMG_20210622_093823.jpg 3000 4000 0 296 1642 1303 3476 1 1225 1664 1434 2280 2 2290 1595 2753 2455
33 ./misc/JPEGImages/IMG_20210622_093825.jpg 3000 4000 0 421 1648 1353 3345 1 2125 1711 2440 2358
34 ./misc/JPEGImages/IMG_20210622_093838.jpg 3000 4000 1 1109 1670 1437 2226 0 659 2130 1415 3067 0 1762 2008 2350 2720 2 2103 1864 2693 2298
35 ./misc/JPEGImages/IMG_20210622_093842.jpg 3000 4000 0 109 1667 1159 2655 0 1768 1560 2737 2557 1 2100 1439 2409 1617
36 ./misc/JPEGImages/IMG_20210622_093903.jpg 3000 4000 0 1534 1355 2121 2576 2 2581 1598 2925 2226
37 ./misc/JPEGImages/IMG_20210622_093904.jpg 3000 4000 0 1031 1573 1612 2698 1 981 1673 1078 2101 2 1978 1555 2275 2133
38 ./misc/JPEGImages/IMG_20210622_093906.jpg 3000 4000 0 1431 1217 2103 2683 1 2293 1595 2634 2164
39 ./misc/JPEGImages/IMG_20210622_093916.jpg 3000 4000 0 850 683 1950 3364 2 2715 1233 3000 2126
40 ./misc/JPEGImages/IMG_20210622_093917.jpg 3000 4000 0 821 586 1918 3270 2 2721 1211 3000 2101
41 ./misc/JPEGImages/IMG_20210622_093928.jpg 3000 4000 0 840 470 1975 3211 2 2237 1155 2678 2080
42 ./misc/JPEGImages/IMG_20210622_093953.jpg 3000 4000 2 309 1258 840 2264 0 812 1489 1031 2011 1 2281 1295 2781 2305
43 ./misc/JPEGImages/IMG_20210622_093958.jpg 3000 4000 0 628 1658 975 2317 2 1084 1345 1696 2676
44 ./misc/JPEGImages/IMG_20210622_094001.jpg 3000 4000 0 50 1526 475 2276 2 1146 1380 1943 2845 1 2737 1658 3000 2589
45 ./misc/JPEGImages/IMG_20210622_094003.jpg 3000 4000 2 1440 1389 2281 2967 1 2218 1701 2703 2495
46 ./misc/JPEGImages/IMG_20210622_094005.jpg 3000 4000 2 1641 1505 2347 2836
47 ./misc/JPEGImages/IMG_20210622_094008.jpg 3000 4000 0 871 1698 1178 2305 1 2231 1845 2428 2283 2 2465 1808 2765 2392
48 ./misc/JPEGImages/IMG_20210622_094011.jpg 3000 4000 0 56 1401 446 2039 1 1368 1648 1553 2058 2 1581 1670 1890 2223
49 ./misc/JPEGImages/IMG_20210622_094035.jpg 3000 4000 1 1037 1573 1250 1942 0 1246 1467 1540 2051 2 1715 1545 1918 1933
50 ./misc/JPEGImages/IMG_20210622_094040.jpg 3000 4000 1 725 1626 990 2005 0 1200 1483 1584 2126 2 1521 1567 1696 1980
51 ./misc/JPEGImages/IMG_20210622_094046.jpg 3000 4000 1 843 1470 1093 1911 2 1659 1576 1831 2008 0 1753 1485 2193 2170
52 ./misc/JPEGImages/IMG_20210622_094049.jpg 3000 4000 1 956 1211 1222 1717 2 1880 1305 2136 1780 0 2409 1251 2928 2020
53 ./misc/JPEGImages/IMG_20210622_094052.jpg 3000 4000 1 931 1442 1225 1992 2 1825 1548 2125 2033
54 ./misc/JPEGImages/IMG_20210622_094053.jpg 3000 4000 1 306 1261 603 1858 2 1227 1429 1521 1901 0 2284 1458 2678 2139
55 ./misc/JPEGImages/IMG_20210622_094053_1.jpg 3000 4000 1 250 1251 587 1858 2 1215 1398 1500 1892 0 2246 1414 2668 2105
56 ./misc/JPEGImages/IMG_20210622_094059.jpg 3000 4000 1 810 1248 1175 1879 2 1400 1376 1684 1842 0 2590 1492 3000 2036
57 ./misc/JPEGImages/IMG_20210622_094104.jpg 3000 4000 1 90 873 603 1714 2 553 1005 803 1570 0 1824 1139 2180 1680
58 ./misc/JPEGImages/IMG_20210622_094107.jpg 3000 4000 1 484 1058 981 2017 0 1934 1342 2265 1870
59 ./misc/JPEGImages/IMG_20210622_094109.jpg 3000 4000 2 1131 1145 1481 1814 1 1500 992 2081 2114 0 2375 1370 2756 1926
60 ./misc/JPEGImages/IMG_20210622_094112.jpg 3000 4000 2 1175 1076 1603 1767 1 2171 1089 2909 2108
61 ./misc/JPEGImages/IMG_20210622_094114.jpg 3000 4000 2 2156 1251 2571 1942
62 ./misc/JPEGImages/IMG_20210622_094145.jpg 3000 4000 2 640 1301 1065 2173 1 1387 945 2115 2645 0 2165 1414 2490 2033
63 ./misc/JPEGImages/IMG_20210622_094148.jpg 3000 4000 1 1643 905 2515 2373
64 ./misc/JPEGImages/IMG_20210622_094153.jpg 3000 4000 1 631 1201 1097 2294 2 2034 1430 2540 2220
65 ./misc/JPEGImages/IMG_20210622_094156.jpg 3000 4000 2 53 1105 543 1914 0 1765 1148 2565 2523
66 ./misc/JPEGImages/IMG_20210622_094157.jpg 3000 4000 2 537 1355 987 2105 0 2262 1126 3000 2530
67 ./misc/JPEGImages/IMG_20210622_094206.jpg 3000 4000 0 2190 1105 3000 2430
68 ./misc/JPEGImages/IMG_20210622_094210.jpg 3000 4000 0 831 1033 1600 2164 1 1509 1464 1896 2030 2 2637 1626 3000 2326
69 ./misc/JPEGImages/IMG_20210622_094212.jpg 3000 4000 0 637 1301 1246 2355 1 1940 1551 2290 2158
70 ./misc/JPEGImages/IMG_20210622_094214.jpg 3000 4000 0 153 1030 815 2170 1 1912 1330 2284 1986
71 ./misc/JPEGImages/IMG_20210622_094227.jpg 3000 4000 0 540 1501 931 2126 1 1359 1361 1794 2030 2 1893 1058 2465 2148
72 ./misc/JPEGImages/IMG_20210622_094229.jpg 3000 4000 2 959 1189 1925 2761 1 1756 1508 2090 2330
73 ./misc/JPEGImages/IMG_20210622_094232.jpg 3000 4000 2 1 983 978 2623 0 1559 1311 1959 1980 1 1871 1095 2359 2095
74 ./misc/JPEGImages/IMG_20210622_094235.jpg 3000 4000 2 196 1351 853 2217 1 1734 1183 2243 2020 0 2184 1214 2509 1851
75 ./misc/JPEGImages/IMG_20210622_094237.jpg 3000 4000 2 1 1423 434 2205 1 1109 1192 1609 2180 0 2137 1155 2640 1961
76 ./misc/JPEGImages/IMG_20210622_094245.jpg 3000 4000 1 768 1686 1028 2195 0 1518 1573 1865 2195
77 ./misc/JPEGImages/IMG_20210622_094254.jpg 3000 4000 2 1053 1642 1187 2139 0 1093 1376 1609 2361 1 1887 1505 2246 2170
78 ./misc/JPEGImages/IMG_20210622_094259.jpg 3000 4000 0 646 1420 1146 2270 1 1600 1583 1856 2189
79 ./misc/JPEGImages/IMG_20210622_094303.jpg 3000 4000 0 503 1673 984 2464 2 1415 1873 1625 2330 1 1737 1748 2084 2395
