0 ./JPEGImages/00010.jpg 4000 3000 1 803 1204 1241 1970 0 1751 1435 1940 1770 2 3395 1404 3682 1944
1 ./JPEGImages/000100.jpg 960 720 0 251 39 405 335
2 ./JPEGImages/000102.jpg 4608 2592 1 1090 358 1755 1646 0 2237 605 2516 1225 2 2995 610 3407 1467 1 183 479 470 943
3 ./JPEGImages/000103.jpg 960 720 2 418 256 475 371
4 ./JPEGImages/000104.jpg 960 720 1 223 1 654 720
5 ./JPEGImages/000105.jpg 960 720 1 362 59 663 673 2 1 97 147 356
6 ./JPEGImages/000106.jpg 1920 1080 2 246 221 375 424 0 761 572 959 1005 1 1634 291 1788 556
7 ./JPEGImages/000108.jpg 960 720 2 295 97 477 522 1 641 275 694 359 0 705 258 767 388 1 59 214 131 351
8 ./JPEGImages/000109.jpg 960 720 1 345 1 773 720
9 ./JPEGImages/00011.jpg 4608 2592 1 3 790 910 2592 0 884 883 1422 1716 2 2488 804 2876 1537 1 3512 615 4339 2007
10 ./JPEGImages/000110.jpg 960 720 1 399 235 442 320 0 455 217 507 341 2 1 1 201 492
11 ./JPEGImages/000111.jpg 960 720 1 65 40 305 485 0 820 172 960 433
12 ./JPEGImages/000112.jpg 960 720 0 552 268 618 396 1 15 235 84 344 1 616 293 650 380
13 ./JPEGImages/000113.jpg 1920 1080 2 194 223 337 425 0 730 582 928 1020 1 1598 278 1764 552
14 ./JPEGImages/000114.jpg 4608 2592 1 1544 630 2149 1719 0 2810 717 3082 1285 2 3479 643 3864 1494 1 1128 791 1334 1177
15 ./JPEGImages/000115.jpg 960 720 1 244 3 742 717 2 87 2 263 307
16 ./JPEGImages/000116.jpg 960 720 1 284 158 346 256 0 543 155 577 246 1 849 94 960 312
17 ./JPEGImages/000117.jpg 4608 2592 0 1975 804 2540 1719 1 1 652 1149 2591 2 3982 651 4608 1730
18 ./JPEGImages/000118.jpg 960 720 1 375 244 495 425
19 ./JPEGImages/000119.jpg 960 720 1 609 1 838 367 2 840 32 947 217 0 26 113 129 297
20 ./JPEGImages/00012.jpg 1920 1080 0 843 234 1434 1080
21 ./JPEGImages/000120.jpg 1920 1080 0 728 614 999 1080 1 1655 90 1831 400 2 1 72 97 334
22 ./JPEGImages/000121.jpg 640 480 2 99 87 249 374
23 ./JPEGImages/000122.jpg 960 720 1 185 178 264 325 1 630 202 673 280 0 767 182 827 288
24 ./JPEGImages/000123.jpg 960 720 2 371 1 960 720
25 ./JPEGImages/000124.jpg 960 720 2 217 133 349 373 1 411 230 465 323
26 ./JPEGImages/000125.jpg 4608 2592 1 1334 661 1528 1007 1 1507 516 2107 1594 0 2904 676 3222 1270 2 3461 652 4010 1564
27 ./JPEGImages/000126.jpg 960 720 1 132 192 217 329 0 485 208 541 320
28 ./JPEGImages/000127.jpg 960 720 1 624 64 751 340 1 395 170 447 266
29 ./JPEGImages/000128.jpg 960 720 1 619 137 854 517
30 ./JPEGImages/000129.jpg 960 720 1 489 88 607 363 1 255 188 316 286
31 ./JPEGImages/00013.jpg 640 480 0 1 46 192 480
32 ./JPEGImages/000130.jpg 960 720 1 389 185 502 419 2 254 211 313 312
33 ./JPEGImages/000131.jpg 4608 2592 1 224 637 1325 2592 0 2121 777 2704 1673 2 4134 699 4608 1758
34 ./JPEGImages/000132.jpg 960 720 1 221 1 657 702
35 ./JPEGImages/000134.jpg 2592 4608 2 615 296 2022 3335 1 72 1152 429 1809
36 ./JPEGImages/000135.jpg 960 720 2 242 187 420 505
37 ./JPEGImages/000136.jpg 2592 4608 1 518 654 2571 4336 1 174 2120 514 2594
38 ./JPEGImages/000137.jpg 960 720 2 445 159 562 380
39 ./JPEGImages/000138.jpg 960 720 2 662 111 907 569 1 452 253 515 370
40 ./JPEGImages/000139.jpg 960 720 0 133 1 756 720 2 749 1 960 269
41 ./JPEGImages/00014.jpg 2592 4608 1 866 1236 1614 2905
42 ./JPEGImages/000140.jpg 960 720 0 141 1 755 720 2 742 2 960 270
43 ./JPEGImages/000141.jpg 960 720 1 333 104 438 277 1 771 19 958 554
44 ./JPEGImages/000142.jpg 960 720 2 182 1 904 720
45 ./JPEGImages/000143.jpg 640 480 1 20 368 78 455 0 1 273 20 480
46 ./JPEGImages/000144.jpg 640 480 0 57 271 146 480 1 146 363 206 447
47 ./JPEGImages/000145.jpg 2592 4608 1 1511 1400 2592 3520
48 ./JPEGImages/000146.jpg 1920 1080 1 1230 161 1345 420 0 1025 629 1328 1080
49 ./JPEGImages/000147.jpg 4608 2592 1 1259 503 1852 1591 0 2841 657 3192 1267 2 3330 628 3837 1576
50 ./JPEGImages/000148.jpg 640 480 0 487 72 640 428
51 ./JPEGImages/000149.jpg 640 480 0 188 267 273 480 1 271 359 335 442
52 ./JPEGImages/00015.jpg 4000 3000 1 1410 1341 1638 1752 0 3151 1194 3654 2016
53 ./JPEGImages/000150.jpg 640 480 0 300 269 385 473 1 385 356 458 439
54 ./JPEGImages/000151.jpg 640 480 0 404 261 497 474 1 500 354 576 442
55 ./JPEGImages/000152.jpg 640 480 0 516 257 622 477 1 627 352 640 442
56 ./JPEGImages/000155.jpg 640 480 0 140 280 231 443
57 ./JPEGImages/000156.jpg 640 480 0 578 270 640 447
58 ./JPEGImages/000157.jpg 640 480 1 32 232 223 480
59 ./JPEGImages/000158.jpg 1920 1080 1 558 74 1059 1002
60 ./JPEGImages/00016.jpg 4000 3000 0 262 1131 900 2203 1 1868 1441 2067 1837
61 ./JPEGImages/000160.jpg 1920 1080 1 1403 243 1516 495 0 1471 713 1813 1080
62 ./JPEGImages/000161.jpg 640 480 2 41 16 310 480
63 ./JPEGImages/000162.jpg 4608 2592 0 2135 747 2661 1707 1 1 401 1122 2586 2 4188 673 4608 1825
64 ./JPEGImages/000164.jpg 640 480 1 162 231 336 480
65 ./JPEGImages/000165.jpg 640 480 1 136 223 320 480
66 ./JPEGImages/000166.jpg 640 480 1 84 217 280 480
67 ./JPEGImages/000168.jpg 640 480 1 238 217 434 480
68 ./JPEGImages/000169.jpg 640 480 0 273 51 490 468
69 ./JPEGImages/00017.jpg 1920 1442 1 232 288 424 549 2 818 20 1228 855 0 1345 171 1495 439
70 ./JPEGImages/000170.jpg 640 480 1 204 213 404 480
71 ./JPEGImages/000171.jpg 640 480 1 195 212 406 480
72 ./JPEGImages/000173.jpg 2592 4608 2 744 551 1726 2909
73 ./JPEGImages/000174.jpg 1920 1080 2 253 452 443 740
74 ./JPEGImages/000175.jpg 640 480 2 1 1 372 480
75 ./JPEGImages/000176.jpg 640 480 1 141 196 376 480
76 ./JPEGImages/000177.jpg 4608 2592 0 2065 828 2658 1910 1 1 268 885 2592 2 4373 857 4608 2107
77 ./JPEGImages/000178.jpg 640 480 1 105 182 352 480
78 ./JPEGImages/00018.jpg 1920 1442 1 1069 189 1417 871
79 ./JPEGImages/000180.jpg 4608 2592 1 977 459 1585 1573 0 2790 646 3119 1282 2 3108 631 3685 1625
80 ./JPEGImages/000181.jpg 640 480 1 83 158 368 480
81 ./JPEGImages/000184.jpg 640 480 1 104 255 211 480
82 ./JPEGImages/000185.jpg 640 480 1 245 251 356 480
83 ./JPEGImages/000186.jpg 640 480 1 261 248 370 480
84 ./JPEGImages/000187.jpg 1920 1080 2 671 348 837 656
85 ./JPEGImages/000188.jpg 640 480 2 1 1 385 480
86 ./JPEGImages/000189.jpg 640 480 1 242 247 360 480
87 ./JPEGImages/00019.jpg 1920 1442 2 727 132 1155 1120
88 ./JPEGImages/000190.jpg 640 480 1 236 249 355 480
89 ./JPEGImages/000191.jpg 4608 2592 1 664 397 1322 1555 1 1431 529 1655 913 0 2758 565 3123 1213 2 2976 507 3634 1601
90 ./JPEGImages/000193.jpg 640 480 0 217 298 273 403
91 ./JPEGImages/000194.jpg 640 480 0 1 47 339 480
92 ./JPEGImages/000196.jpg 640 480 0 84 82 483 480
93 ./JPEGImages/000198.jpg 640 480 1 254 248 366 480
94 ./JPEGImages/000199.jpg 640 480 1 230 249 355 480
95 ./JPEGImages/00020.jpg 1920 1442 2 83 491 227 753 1 1292 395 1476 716
96 ./JPEGImages/000200.jpg 1920 1080 2 870 191 1072 550
97 ./JPEGImages/000201.jpg 640 480 2 213 1 547 480
98 ./JPEGImages/000202.jpg 2592 4608 1 808 361 2592 4431
99 ./JPEGImages/000203.jpg 640 480 0 196 299 254 405
100 ./JPEGImages/000204.jpg 640 480 0 1 74 274 480
101 ./JPEGImages/000205.jpg 640 480 0 212 77 608 480 1 155 387 239 480
102 ./JPEGImages/000206.jpg 4608 2592 0 1990 788 2661 2091
103 ./JPEGImages/000207.jpg 640 480 0 377 61 640 480
104 ./JPEGImages/000209.jpg 640 480 1 216 245 335 478
105 ./JPEGImages/00021.jpg 1920 1442 0 560 336 1135 1442
106 ./JPEGImages/000210.jpg 640 480 1 186 244 310 480
107 ./JPEGImages/000211.jpg 640 480 0 154 299 209 407
108 ./JPEGImages/000212.jpg 640 480 0 369 65 640 480 1 306 384 389 480
109 ./JPEGImages/000213.jpg 4608 2592 2 1505 892 1904 1643 1 3050 651 3664 1797 1 1 953 1495 2592
110 ./JPEGImages/000214.jpg 1920 1080 2 384 436 598 811
111 ./JPEGImages/000215.jpg 640 480 0 39 10 311 479
112 ./JPEGImages/000216.jpg 640 480 0 596 286 640 401
113 ./JPEGImages/000217.jpg 640 480 0 1 98 166 480
114 ./JPEGImages/000218.jpg 640 480 0 310 93 640 480
115 ./JPEGImages/00022.jpg 960 720 2 419 54 572 311 1 769 13 959 638
116 ./JPEGImages/000220.jpg 4608 2592 1 2448 483 3016 1425 0 1 1 2049 2592
117 ./JPEGImages/000221.jpg 4608 2592 0 1817 773 2621 2080
118 ./JPEGImages/000222.jpg 640 480 0 298 40 640 480 1 238 392 319 479
119 ./JPEGImages/000223.jpg 640 480 1 219 243 348 480
120 ./JPEGImages/000224.jpg 1920 1080 1 997 234 1211 657
121 ./JPEGImages/000225.jpg 4608 2592 1 735 354 1498 1570 0 2782 429 3104 1067 2 3152 379 3707 1434 1 1431 491 1588 855
122 ./JPEGImages/000226.jpg 640 480 0 174 298 226 405
123 ./JPEGImages/000228.jpg 1920 1080 1 1142 389 1255 629
124 ./JPEGImages/00023.jpg 960 720 0 1 1 657 720
125 ./JPEGImages/000230.jpg 640 480 0 1 99 183 480
126 ./JPEGImages/000231.jpg 640 480 0 373 83 640 480
127 ./JPEGImages/000232.jpg 640 480 0 288 1 638 480 1 235 398 304 480
128 ./JPEGImages/000234.jpg 640 480 1 239 243 367 480
129 ./JPEGImages/000235.jpg 640 480 1 212 238 346 480
130 ./JPEGImages/000236.jpg 4608 2592 1 594 328 1301 1501 0 2691 422 3040 1088 2 2986 375 3543 1410 1 1301 446 1513 804
131 ./JPEGImages/000237.jpg 4608 2592 0 1848 832 2646 2207
132 ./JPEGImages/000238.jpg 640 480 1 183 235 320 480
133 ./JPEGImages/000239.jpg 640 480 1 172 231 322 477
134 ./JPEGImages/00024.jpg 960 720 2 428 205 596 499
135 ./JPEGImages/000240.jpg 640 480 1 136 227 295 480
136 ./JPEGImages/000241.jpg 1920 1080 1 858 232 991 468 0 1771 488 1920 883
137 ./JPEGImages/000242.jpg 2592 4608 1 396 28 2532 4608
138 ./JPEGImages/000243.jpg 640 480 1 273 222 422 480
139 ./JPEGImages/000244.jpg 640 480 0 245 1 640 480 1 195 398 259 480
140 ./JPEGImages/000245.jpg 640 480 1 283 215 434 480
141 ./JPEGImages/000246.jpg 640 480 1 295 208 462 480
142 ./JPEGImages/000247.jpg 4608 2592 1 921 348 1643 1534 0 2823 451 3122 1088 2 3258 377 3822 1413
143 ./JPEGImages/000248.jpg 640 480 1 323 195 505 480
144 ./JPEGImages/000249.jpg 640 480 1 347 187 538 480
145 ./JPEGImages/000250.jpg 640 480 1 202 194 393 480
146 ./JPEGImages/000251.jpg 640 480 2 259 59 436 446
147 ./JPEGImages/000252.jpg 640 480 1 228 183 423 480
148 ./JPEGImages/000253.jpg 640 480 1 174 175 389 480
149 ./JPEGImages/000254.jpg 1920 1080 0 735 502 893 855 1 1545 291 1675 524 2 313 218 434 395
150 ./JPEGImages/000255.jpg 640 480 0 282 1 543 480
151 ./JPEGImages/000256.jpg 640 480 1 167 158 390 480
152 ./JPEGImages/000258.jpg 4608 2592 1 2637 643 3046 1361 2 746 12 1696 1726 0 3544 268 4204 1616
153 ./JPEGImages/000259.jpg 640 480 1 143 126 416 480
154 ./JPEGImages/000260.jpg 640 480 1 89 106 392 480
155 ./JPEGImages/000261.jpg 640 480 1 159 103 469 480
156 ./JPEGImages/000262.jpg 640 480 1 216 87 547 480
157 ./JPEGImages/000263.jpg 640 480 1 284 72 640 480 0 1 291 44 425
158 ./JPEGImages/000264.jpg 640 480 0 110 288 182 414 1 352 47 640 480
159 ./JPEGImages/000265.jpg 640 480 1 204 3 640 480
160 ./JPEGImages/000266.jpg 640 480 0 280 289 348 408 1 447 49 640 476
161 ./JPEGImages/000267.jpg 1920 1080 1 970 350 1103 604
162 ./JPEGImages/000268.jpg 640 480 2 294 115 371 297
163 ./JPEGImages/000269.jpg 4608 2592 2 673 28 1673 1791 1 2692 655 3064 1370 0 3622 240 4273 1592
164 ./JPEGImages/000270.jpg 640 480 0 403 281 475 406 1 512 51 640 477
165 ./JPEGImages/000272.jpg 640 480 1 203 1 640 480
166 ./JPEGImages/000274.jpg 2592 4608 1 1326 1431 2537 3413
167 ./JPEGImages/000275.jpg 640 480 1 323 2 594 480
168 ./JPEGImages/000276.jpg 640 480 0 326 134 370 271 1 372 5 639 480
169 ./JPEGImages/000277.jpg 640 480 1 150 1 640 475
170 ./JPEGImages/000278.jpg 4608 2592 0 1 19 1519 2582 1 2464 658 3004 1561
171 ./JPEGImages/000279.jpg 640 480 1 339 1 640 479
172 ./JPEGImages/00028.jpg 4608 2592 0 1142 948 1710 1719 1 21 955 1057 2592 2 2689 823 3171 1658 1 3596 694 4585 2337
173 ./JPEGImages/000281.jpg 1920 1080 1 967 162 1102 431
174 ./JPEGImages/000282.jpg 2592 4608 2 288 250 1833 3217
175 ./JPEGImages/000283.jpg 640 480 2 34 91 169 357 1 165 141 216 252
176 ./JPEGImages/000284.jpg 640 480 2 130 1 435 480
177 ./JPEGImages/000286.jpg 640 480 2 1 1 108 479 1 536 124 634 309
178 ./JPEGImages/000287.jpg 640 480 0 37 71 211 414
179 ./JPEGImages/000288.jpg 640 480 0 231 66 380 434
180 ./JPEGImages/000289.jpg 2592 4608 1 751 1520 1955 3472
181 ./JPEGImages/00029.jpg 960 720 2 85 3 830 720
182 ./JPEGImages/000290.jpg 640 480 2 374 106 489 318
183 ./JPEGImages/000291.jpg 1920 1080 1 1183 3 1675 853
184 ./JPEGImages/000292.jpg 640 480 1 1 29 133 480
185 ./JPEGImages/000293.jpg 4608 2592 0 1 497 649 2567 1 2237 867 2779 1719 1 4213 416 4608 2319
186 ./JPEGImages/000294.jpg 1920 1080 1 816 98 966 372
187 ./JPEGImages/000295.jpg 640 480 0 4 1 400 480 1 402 121 453 287
188 ./JPEGImages/000296.jpg 640 480 1 240 3 504 480
189 ./JPEGImages/000297.jpg 640 480 1 72 1 436 473
190 ./JPEGImages/0003.jpg 1920 1080 1 861 173 1272 931
191 ./JPEGImages/000300.jpg 640 480 2 103 108 199 269 1 287 3 592 480
192 ./JPEGImages/000301.jpg 640 480 0 284 98 394 357
193 ./JPEGImages/000302.jpg 640 480 1 164 99 287 356
194 ./JPEGImages/000303.jpg 640 480 0 336 75 476 401
195 ./JPEGImages/000305.jpg 2592 4608 1 126 1739 1351 3750
196 ./JPEGImages/000306.jpg 640 480 0 335 76 477 402
197 ./JPEGImages/000307.jpg 640 480 1 141 112 259 321
198 ./JPEGImages/000308.jpg 1920 1080 1 1228 269 1384 522
199 ./JPEGImages/000309.jpg 2592 4608 2 570 1115 1596 3480 0 2488 1672 2592 2387
200 ./JPEGImages/00031.jpg 960 720 1 232 84 596 662 2 568 126 744 402
201 ./JPEGImages/000310.jpg 4608 2592 2 1 982 413 2267 1 2104 846 2661 1710 1 3913 391 4608 2464
202 ./JPEGImages/000311.jpg 640 480 0 332 74 475 402
203 ./JPEGImages/000312.jpg 640 480 0 310 77 476 401
204 ./JPEGImages/000313.jpg 4608 2592 2 840 16 1928 2070 1 3107 694 3552 1476 0 4279 195 4589 1789
205 ./JPEGImages/000314.jpg 640 480 0 145 72 344 396
206 ./JPEGImages/000315.jpg 640 480 0 471 71 640 413
207 ./JPEGImages/000316.jpg 640 480 2 228 86 346 375 1 534 141 604 266
208 ./JPEGImages/000317.jpg 640 480 2 572 116 640 296
209 ./JPEGImages/000318.jpg 640 480 0 599 82 640 400
210 ./JPEGImages/000319.jpg 640 480 0 472 82 640 409
211 ./JPEGImages/00032.jpg 960 720 1 49 222 112 311 0 193 190 274 299 2 373 74 541 337
212 ./JPEGImages/000320.jpg 2592 4608 1 522 1113 774 1650 2 1618 776 2411 2409
213 ./JPEGImages/000321.jpg 1920 1080 2 151 204 545 881 1 1696 1 1866 190
214 ./JPEGImages/000322.jpg 2592 4608 2 870 1250 1933 3483 0 2329 1694 2574 2409
215 ./JPEGImages/000325.jpg 4608 2592 2 1 1337 107 2076 1 1940 767 2495 1697 1 3440 170 4608 2592
216 ./JPEGImages/000326.jpg 640 480 0 1 65 34 469 2 576 127 640 295
217 ./JPEGImages/000327.jpg 640 480 0 283 61 469 450
218 ./JPEGImages/000328.jpg 640 480 0 468 33 640 480
219 ./JPEGImages/000329.jpg 640 480 1 438 96 568 352
220 ./JPEGImages/00033.jpg 960 720 2 390 126 517 365
221 ./JPEGImages/000330.jpg 640 480 2 228 100 344 334
222 ./JPEGImages/000331.jpg 640 480 0 1 1 306 478
223 ./JPEGImages/000332.jpg 640 480 1 260 136 322 270
224 ./JPEGImages/000333.jpg 640 480 2 243 116 315 293
225 ./JPEGImages/000334.jpg 1920 1080 2 266 342 678 997 1 1597 2 1723 178
226 ./JPEGImages/000335.jpg 1920 1080 1 1301 537 1653 1080
227 ./JPEGImages/000336.jpg 4608 2592 2 522 1 1613 1779 1 1585 404 1782 1273 1 3392 455 3919 1301 0 4343 1 4608 1737
228 ./JPEGImages/000337.jpg 2592 4608 2 914 1443 2022 3513 0 1981 1746 2170 2435 1 688 2061 833 2150
229 ./JPEGImages/000338.jpg 640 480 2 341 117 417 299 0 593 412 640 480
230 ./JPEGImages/000339.jpg 2592 4608 1 1 1043 196 1635 2 1014 639 1863 2546
231 ./JPEGImages/00034.jpg 960 720 0 275 163 334 288 2 733 218 804 328 1 874 196 960 470
232 ./JPEGImages/000340.jpg 4608 2592 2 1 958 658 2094 1 2249 679 2804 1640 1 3192 94 4608 2592
233 ./JPEGImages/000341.jpg 640 480 2 342 117 418 298 0 593 412 640 480
234 ./JPEGImages/000343.jpg 640 480 2 225 118 302 289 0 541 336 640 480 0 602 1 640 215
235 ./JPEGImages/000344.jpg 640 480 2 115 117 208 287 0 350 1 640 475
236 ./JPEGImages/000345.jpg 640 480 1 543 124 569 284 0 547 1 640 475
237 ./JPEGImages/000346.jpg 640 480 1 446 119 557 304 0 625 3 640 480
238 ./JPEGImages/000347.jpg 4608 2592 2 40 1 1173 1858 1 1158 473 1540 1285 1 3119 458 3582 1297 0 3822 22 4608 1843
239 ./JPEGImages/000349.jpg 1920 1080 2 356 190 451 357 0 732 472 882 802 1 1555 283 1688 509
240 ./JPEGImages/00035.jpg 960 720 1 357 176 431 306 1 528 218 560 288 0 674 220 725 297
241 ./JPEGImages/000350.jpg 2592 4608 2 966 1354 2040 3243
242 ./JPEGImages/000351.jpg 640 480 1 385 126 485 302
243 ./JPEGImages/000352.jpg 640 480 1 111 135 187 289
244 ./JPEGImages/000353.jpg 640 480 2 507 87 640 393
245 ./JPEGImages/000354.jpg 640 480 2 136 63 317 421 0 512 138 593 272
246 ./JPEGImages/000355.jpg 640 480 0 327 120 426 307
247 ./JPEGImages/000356.jpg 640 480 1 191 287 539 480 1 497 279 640 477
248 ./JPEGImages/000357.jpg 4608 2592 1 1 1013 1010 2592 2 1407 934 1779 1673 1 2895 728 3470 1855
249 ./JPEGImages/000358.jpg 1920 1080 2 313 398 601 852 1 1113 1 1208 168
250 ./JPEGImages/000359.jpg 2592 4608 1 770 1828 1688 3539 2 1711 2257 2022 2780
251 ./JPEGImages/00036.jpg 640 480 0 262 53 511 467
252 ./JPEGImages/000360.jpg 640 480 1 317 1 612 480 2 604 116 640 271
253 ./JPEGImages/000361.jpg 640 480 2 274 153 329 261 1 324 112 453 362
254 ./JPEGImages/000362.jpg 640 480 2 144 135 210 255 1 225 84 382 398
255 ./JPEGImages/000363.jpg 640 480 2 24 131 100 264 1 99 54 301 463
256 ./JPEGImages/000364.jpg 640 480 2 23 135 99 270 1 99 59 298 461
257 ./JPEGImages/000365.jpg 4608 2592 2 1 1 228 1761 1 773 319 1219 1207 1 2798 416 3155 1319 0 3031 1 4173 2031
258 ./JPEGImages/000367.jpg 640 480 1 1 44 178 478
259 ./JPEGImages/000368.jpg 640 480 0 487 142 589 284
260 ./JPEGImages/000369.jpg 640 480 1 275 134 341 248 2 391 77 553 374
261 ./JPEGImages/00037.jpg 960 720 1 258 233 376 417 2 376 262 429 351
262 ./JPEGImages/000370.jpg 640 480 1 191 286 543 479 1 494 275 640 453
263 ./JPEGImages/000371.jpg 1920 1080 2 380 363 648 810 1 903 1 988 165 0 1692 47 1839 279
264 ./JPEGImages/000373.jpg 640 480 0 1 133 29 276 1 443 50 640 477
265 ./JPEGImages/000374.jpg 640 480 0 1 127 29 276 1 352 1 640 477
266 ./JPEGImages/000375.jpg 640 480 0 1 130 61 281 1 219 1 484 480 2 619 142 640 301
267 ./JPEGImages/000376.jpg 4608 2592 2 1 1 540 1631 1 1201 285 1607 1125 1 3140 422 3364 1307 0 3161 1 4564 2201
268 ./JPEGImages/000377.jpg 640 480 0 1 133 67 279 1 218 12 451 480 2 614 140 640 301
269 ./JPEGImages/000378.jpg 640 480 0 74 133 136 283 1 120 1 426 477
270 ./JPEGImages/000379.jpg 640 480 1 519 3 640 480
271 ./JPEGImages/00038.jpg 960 720 2 1 134 137 399 1 219 237 276 335 0 722 273 803 408 1 796 298 835 394
272 ./JPEGImages/000380.jpg 640 480 2 1 1 299 479
273 ./JPEGImages/000381.jpg 640 480 0 521 141 595 289 1 156 3 518 480
274 ./JPEGImages/000382.jpg 640 480 1 127 1 457 480 0 496 145 571 287
275 ./JPEGImages/000383.jpg 640 480 1 128 1 455 480 0 495 143 570 291
276 ./JPEGImages/000384.jpg 1920 1080 1 876 153 978 335 2 574 621 857 1080 0 1716 171 1860 404
277 ./JPEGImages/000385.jpg 4608 2592 2 898 867 1437 1761 1 2249 237 3904 2592
278 ./JPEGImages/000386.jpg 640 480 0 299 131 378 278
279 ./JPEGImages/000387.jpg 4608 2592 2 1 240 743 1940 1 1743 601 2170 1416 0 3046 1 4608 2555
280 ./JPEGImages/000388.jpg 640 480 1 188 291 543 476 1 243 1 587 280
281 ./JPEGImages/000389.jpg 640 480 2 443 118 537 333
282 ./JPEGImages/00039.jpg 4608 2592 2 210 998 1010 2069 1 2461 748 3053 1652 1 2954 361 4537 2592
283 ./JPEGImages/000390.jpg 640 480 1 341 2 588 480
284 ./JPEGImages/000391.jpg 640 480 0 578 120 640 345
285 ./JPEGImages/000392.jpg 640 480 2 348 76 566 396
286 ./JPEGImages/000393.jpg 640 480 0 289 86 447 398
287 ./JPEGImages/000394.jpg 640 480 0 460 103 580 364
288 ./JPEGImages/000395.jpg 640 480 0 459 110 583 364
289 ./JPEGImages/000396.jpg 640 480 0 286 91 446 400
290 ./JPEGImages/000397.jpg 1920 1080 1 901 215 999 408 2 988 746 1235 1080 0 1806 241 1916 470
291 ./JPEGImages/000398.jpg 4608 2592 2 13 316 855 1797 1 2031 528 2455 1331 0 2458 19 4013 2592 1 4113 285 4608 1504
292 ./JPEGImages/000399.jpg 2592 4608 1 807 1868 1748 3617
293 ./JPEGImages/00040.jpg 1920 1080 0 877 20 1601 1080
294 ./JPEGImages/000401.jpg 640 480 2 221 87 409 402
295 ./JPEGImages/000402.jpg 640 480 1 205 1 640 480
296 ./JPEGImages/000403.jpg 640 480 1 223 127 291 291 2 343 2 640 480
297 ./JPEGImages/000404.jpg 640 480 2 471 2 640 480
298 ./JPEGImages/000405.jpg 640 480 2 527 1 640 479
299 ./JPEGImages/000406.jpg 640 480 2 165 3 451 480
300 ./JPEGImages/000407.jpg 640 480 1 452 1 640 477
301 ./JPEGImages/000408.jpg 640 480 0 287 87 446 398
302 ./JPEGImages/000409.jpg 4608 2592 2 404 170 1210 1582 0 2361 1 3922 2388
303 ./JPEGImages/000410.jpg 640 480 2 480 98 628 328
304 ./JPEGImages/000411.jpg 1920 1080 1 366 74 503 295 2 766 739 1095 1080 0 1318 76 1451 310
305 ./JPEGImages/000412.jpg 2592 4608 1 955 831 2055 3502
306 ./JPEGImages/000413.jpg 640 480 1 405 69 561 384
307 ./JPEGImages/000414.jpg 640 480 1 1 105 79 343 0 451 131 525 266
308 ./JPEGImages/000415.jpg 640 480 0 44 137 125 265 2 474 110 566 284
309 ./JPEGImages/000416.jpg 640 480 0 451 83 630 410
310 ./JPEGImages/000417.jpg 640 480 1 43 107 165 342 0 428 137 498 257
311 ./JPEGImages/000418.jpg 640 480 1 480 99 585 327
312 ./JPEGImages/000419.jpg 640 480 1 347 105 441 322
313 ./JPEGImages/00042.jpg 960 720 0 1 1 648 720
314 ./JPEGImages/000420.jpg 1920 1080 0 625 77 1161 1080
315 ./JPEGImages/000421.jpg 640 480 1 250 100 353 327 0 543 129 613 249
316 ./JPEGImages/000422.jpg 640 480 1 414 2 640 480
317 ./JPEGImages/000423.jpg 640 480 1 328 1 640 479
318 ./JPEGImages/000424.jpg 1920 1080 1 239 9 367 221 2 937 587 1232 1080 0 1154 1 1283 214
319 ./JPEGImages/000425.jpg 2592 4608 1 1051 2002 2048 3735
320 ./JPEGImages/000426.jpg 640 480 2 366 88 483 304
321 ./JPEGImages/000427.jpg 640 480 0 188 211 280 309
322 ./JPEGImages/000428.jpg 640 480 2 576 56 640 409
323 ./JPEGImages/000429.jpg 640 480 2 59 94 183 362
324 ./JPEGImages/000430.jpg 640 480 0 1 77 72 419
325 ./JPEGImages/000431.jpg 4608 2592 2 585 949 1255 1901 1 2682 207 4437 2592
326 ./JPEGImages/000432.jpg 640 480 2 333 6 640 480
327 ./JPEGImages/000433.jpg 640 480 2 407 1 640 477
328 ./JPEGImages/000434.jpg 640 480 2 504 1 640 478
329 ./JPEGImages/000435.jpg 640 480 0 1 1 315 477 2 513 112 605 294
330 ./JPEGImages/000436.jpg 640 480 2 1 1 204 479
331 ./JPEGImages/000437.jpg 640 480 1 363 94 511 338
332 ./JPEGImages/000438.jpg 1920 1080 1 266 224 382 419 0 1116 198 1222 392 2 1075 681 1342 1080
333 ./JPEGImages/000439.jpg 2592 4608 1 874 2020 1885 3809
334 ./JPEGImages/000440.jpg 640 480 2 1 1 285 477
335 ./JPEGImages/000441.jpg 640 480 2 227 61 383 429
336 ./JPEGImages/000442.jpg 1920 1080 1 1159 560 1533 1080
337 ./JPEGImages/000443.jpg 4608 2592 2 1010 694 1613 1658 0 2198 276 3076 2152 1 4373 334 4608 1522
338 ./JPEGImages/000444.jpg 640 480 2 314 83 441 362
339 ./JPEGImages/000445.jpg 640 480 2 337 106 435 334
340 ./JPEGImages/000446.jpg 640 480 2 329 112 421 321
341 ./JPEGImages/000447.jpg 640 480 0 1 70 148 436
342 ./JPEGImages/000448.jpg 640 480 2 404 105 504 331
343 ./JPEGImages/000449.jpg 640 480 2 1 95 87 392
344 ./JPEGImages/00045.jpg 960 720 2 484 99 605 330
345 ./JPEGImages/000451.jpg 640 480 2 141 1 640 478
346 ./JPEGImages/000452.jpg 1920 1080 1 280 120 392 323 0 1127 118 1228 314 2 1130 565 1375 1050
347 ./JPEGImages/000453.jpg 2592 4608 2 903 2143 1222 2661 1 1159 1617 2251 3457
348 ./JPEGImages/000454.jpg 4608 2592 2 1067 776 1725 1840 0 2404 282 3440 2549
349 ./JPEGImages/000456.jpg 640 480 2 282 3 640 480
350 ./JPEGImages/000457.jpg 640 480 2 415 1 640 471
351 ./JPEGImages/000458.jpg 640 480 2 414 1 640 478
352 ./JPEGImages/000459.jpg 640 480 2 416 1 640 477
353 ./JPEGImages/00046.jpg 960 720 1 3 221 81 326 0 303 216 347 308 1 587 168 691 348 2 693 200 750 292
354 ./JPEGImages/000460.jpg 640 480 2 434 1 640 477
355 ./JPEGImages/000461.jpg 640 480 0 1 69 148 438
356 ./JPEGImages/000462.jpg 640 480 2 1 1 271 479
357 ./JPEGImages/000463.jpg 640 480 1 584 84 640 358
358 ./JPEGImages/000464.jpg 640 480 0 496 131 596 301
359 ./JPEGImages/000465.jpg 4608 2592 2 173 604 1122 2025 0 1904 22 3601 2592
360 ./JPEGImages/000467.jpg 2592 4608 2 677 2191 1048 2735 1 1296 1609 2351 3368
361 ./JPEGImages/000468.jpg 640 480 0 106 207 169 284
362 ./JPEGImages/000469.jpg 640 480 0 145 228 257 373
363 ./JPEGImages/00047.jpg 4608 2592 0 1378 620 1618 1286 1 1478 413 2408 2133 2 2518 689 3048 1503
364 ./JPEGImages/000471.jpg 640 480 0 1 72 151 433
365 ./JPEGImages/000472.jpg 640 480 0 273 294 326 396
366 ./JPEGImages/000473.jpg 640 480 1 1 1 368 477
367 ./JPEGImages/000474.jpg 1920 1080 1 218 155 329 353 0 1060 100 1155 279 2 1232 490 1481 961
368 ./JPEGImages/000475.jpg 2592 4608 2 188 2294 592 2843 1 1063 1654 2085 3417
369 ./JPEGImages/000476.jpg 640 480 2 580 118 640 273
370 ./JPEGImages/000478.jpg 640 480 0 8 76 214 429
371 ./JPEGImages/000479.jpg 640 480 1 1 37 198 480
372 ./JPEGImages/00048.jpg 960 720 0 123 205 178 290 2 426 203 483 326
373 ./JPEGImages/000481.jpg 2592 4608 1 363 1669 1807 4228
374 ./JPEGImages/000482.jpg 640 480 0 274 104 373 330
375 ./JPEGImages/000483.jpg 4608 2592 1 3145 659 3795 1891 2 1722 873 2082 1609 1 5 963 1219 2592
376 ./JPEGImages/000485.jpg 1920 1080 0 881 373 994 574 1 1 466 57 694 2 1060 973 1388 1080
377 ./JPEGImages/000486.jpg 2592 4608 1 883 1404 2383 4334
378 ./JPEGImages/000487.jpg 640 480 1 194 284 541 480 1 502 279 640 480
379 ./JPEGImages/000488.jpg 1920 1442 2 948 225 1105 523
380 ./JPEGImages/000489.jpg 640 480 0 591 105 640 285
381 ./JPEGImages/00049.jpg 960 720 1 1 207 85 358 1 267 213 308 279 0 405 186 459 274 2 648 132 734 272
382 ./JPEGImages/000490.jpg 1920 1080 2 770 632 1323 1080 0 445 1 600 245
383 ./JPEGImages/000491.jpg 2592 4608 1 573 1199 1938 4179
384 ./JPEGImages/000492.jpg 1920 1080 2 606 65 1260 1080 0 347 10 490 94
385 ./JPEGImages/000493.jpg 1920 1442 1 852 186 1056 569
386 ./JPEGImages/000494.jpg 4608 2592 1 1858 397 3501 2592 2 844 943 1381 1869
387 ./JPEGImages/000495.jpg 1920 1080 2 683 16 1233 1050 0 351 2 494 117
388 ./JPEGImages/000496.jpg 2592 4608 1 373 144 2198 3889
389 ./JPEGImages/000497.jpg 1920 1080 1 1 199 100 462 0 1068 189 1176 419 2 1592 488 1920 1080
390 ./JPEGImages/000498.jpg 2592 4608 1 833 644 2438 3834 1 2378 1549 2592 2034
391 ./JPEGImages/000499.jpg 640 480 0 110 4 550 480
392 ./JPEGImages/0005.jpg 4000 3000 0 2156 1165 2395 1683 1 382 1003 690 1419
393 ./JPEGImages/00050.jpg 960 720 1 133 233 170 306 0 296 238 348 325 2 572 235 640 354
394 ./JPEGImages/000500.jpg 1920 1080 1 723 219 836 463 0 1802 205 1920 449
395 ./JPEGImages/000501.jpg 2592 4608 1 933 919 2178 3629
396 ./JPEGImages/000502.jpg 1920 1080 1 876 264 994 524
397 ./JPEGImages/000503.jpg 2592 4608 1 388 914 1778 3809
398 ./JPEGImages/000504.jpg 1920 1442 1 1196 602 1387 991
399 ./JPEGImages/000505.jpg 1920 1080 1 943 428 1066 716
400 ./JPEGImages/000506.jpg 2592 4608 1 1063 1299 2413 4019
401 ./JPEGImages/000507.jpg 1920 1080 1 880 169 1016 466
402 ./JPEGImages/000508.jpg 2592 4608 1 473 154 2438 4608
403 ./JPEGImages/000510.jpg 2592 4608 1 28 24 1823 4224
404 ./JPEGImages/000511.jpg 1920 1080 2 554 148 668 359 0 612 655 934 1080
405 ./JPEGImages/000512.jpg 2592 4608 1 13 74 1118 3874
406 ./JPEGImages/000513.jpg 1920 1080 0 1022 173 1145 431
407 ./JPEGImages/000516.jpg 1920 1080 0 765 30 905 267 2 883 688 1338 1080
408 ./JPEGImages/000517.jpg 2592 4608 2 1493 1499 2023 2474
409 ./JPEGImages/000519.jpg 4608 2592 2 568 946 1105 1869 1 2488 743 3002 1696 1 1048 756 2515 2592
410 ./JPEGImages/00052.jpg 960 720 1 102 182 191 329 1 303 241 336 309 0 451 243 498 321 2 734 227 805 358
411 ./JPEGImages/000522.jpg 640 480 0 282 4 564 480
412 ./JPEGImages/000523.jpg 1920 1080 0 688 85 808 324
413 ./JPEGImages/000524.jpg 2592 4608 2 1748 1384 2398 2484
414 ./JPEGImages/000525.jpg 1920 1080 0 911 46 1012 277 1 54 2 193 173
415 ./JPEGImages/000526.jpg 1920 1080 1 863 534 1212 1080
416 ./JPEGImages/000527.jpg 1920 1080 0 573 141 1118 1077
417 ./JPEGImages/000528.jpg 2592 4608 2 1528 1304 2193 2504
418 ./JPEGImages/000530.jpg 2592 4608 1 968 844 2548 3864
419 ./JPEGImages/000531.jpg 1920 1080 1 600 69 732 285 0 1472 177 1651 445
420 ./JPEGImages/000532.jpg 2592 4608 2 1468 164 2223 1679
421 ./JPEGImages/000533.jpg 1920 1080 1 1050 85 1175 309
422 ./JPEGImages/000534.jpg 2592 4608 2 1073 199 1723 1709
423 ./JPEGImages/000535.jpg 1920 1080 1 1193 64 1333 300
424 ./JPEGImages/000536.jpg 2592 4608 2 523 804 1083 2279
425 ./JPEGImages/000538.jpg 2592 4608 1 883 1219 1678 3114
426 ./JPEGImages/000539.jpg 2592 4608 2 113 709 948 2244
427 ./JPEGImages/000540.jpg 1920 1080 1 1165 114 1277 344
428 ./JPEGImages/000541.jpg 2592 4608 2 538 869 1418 2414
429 ./JPEGImages/000543.jpg 2592 4608 2 163 754 1493 3479
430 ./JPEGImages/000544.jpg 1920 1080 1 1279 214 1409 445
431 ./JPEGImages/000545.jpg 4608 2592 1 1352 919 2742 2576 1 3022 853 3515 1886 2 1218 1079 1595 1866
432 ./JPEGImages/000546.jpg 640 480
433 ./JPEGImages/000547.jpg 1920 1080 1 1162 225 1291 469
434 ./JPEGImages/000548.jpg 2592 4608 2 383 749 1783 3729
435 ./JPEGImages/000549.jpg 1920 1442 1 913 94 1447 1251
436 ./JPEGImages/00055.jpg 960 720 2 1 171 155 538 0 664 308 734 443 1 655 325 671 411
437 ./JPEGImages/000550.jpg 1920 1080 1 744 142 893 402 0 1701 413 1920 845
438 ./JPEGImages/000551.jpg 2592 4608 2 808 839 2008 3594
439 ./JPEGImages/000552.jpg 1920 1080 0 1179 317 1411 742 1 248 7 436 285
440 ./JPEGImages/000553.jpg 2592 4608 2 768 794 2043 3474
441 ./JPEGImages/000554.jpg 1920 1080 0 928 246 1205 812
442 ./JPEGImages/000555.jpg 2592 4608 2 1148 789 2333 3214
443 ./JPEGImages/000556.jpg 1920 1080 0 859 122 1241 770
444 ./JPEGImages/00056.jpg 960 720 2 317 1 960 716
445 ./JPEGImages/00057.jpg 4608 2592 1 1 1063 695 2579 1 3575 813 4608 2589 0 1322 1066 1795 1823 2 2855 949 3348 1769
446 ./JPEGImages/000579.jpg 1920 1080
447 ./JPEGImages/00058.jpg 4608 2592 0 1 943 628 2129 1 662 759 2138 2592 1 3348 699 3895 1836
448 ./JPEGImages/000580.jpg 4608 2592
449 ./JPEGImages/000581.jpg 1920 1080
450 ./JPEGImages/000583.jpg 4608 2592
451 ./JPEGImages/000584.jpg 1920 1080
452 ./JPEGImages/000585.jpg 2592 4608
453 ./JPEGImages/000586.jpg 1920 1080
454 ./JPEGImages/000587.jpg 4608 2592
455 ./JPEGImages/000588.jpg 1080 1920
456 ./JPEGImages/000589.jpg 4608 2592
457 ./JPEGImages/00059.jpg 960 720 0 313 5 960 720
458 ./JPEGImages/000591.jpg 4608 2592
459 ./JPEGImages/000592.jpg 1080 1920
460 ./JPEGImages/000593.jpg 1920 1442
461 ./JPEGImages/000594.jpg 1080 1920
462 ./JPEGImages/000597.jpg 1080 1920
463 ./JPEGImages/000598.jpg 1080 1920
464 ./JPEGImages/000599.jpg 1080 1920
465 ./JPEGImages/0006.jpg 4000 3000 1 1240 1098 1557 1651
466 ./JPEGImages/00060.jpg 960 720 1 216 63 444 445 2 439 104 548 274
467 ./JPEGImages/000601.jpg 1080 1920
468 ./JPEGImages/000602.jpg 1080 1920
469 ./JPEGImages/000603.jpg 1080 1920
470 ./JPEGImages/000605.jpg 1080 1920
471 ./JPEGImages/000606.jpg 1080 1920
472 ./JPEGImages/000607.jpg 1080 1920
473 ./JPEGImages/000608.jpg 1080 1920
474 ./JPEGImages/000609.jpg 1080 1920
475 ./JPEGImages/00061.jpg 960 720 2 260 101 510 519
476 ./JPEGImages/000610.jpg 1080 1920 2 275 392 910 1602
477 ./JPEGImages/000611.jpg 1080 1920 2 234 235 865 1498
478 ./JPEGImages/000612.jpg 1080 1920 2 151 149 808 1423
479 ./JPEGImages/000613.jpg 1080 1920 2 159 98 814 1374
480 ./JPEGImages/000614.jpg 1080 1920 1 402 541 571 916
481 ./JPEGImages/000615.jpg 4608 2592 1 3545 593 4302 1906 2 2248 759 2672 1466 1 38 663 1152 2592
482 ./JPEGImages/000616.jpg 1080 1920 0 169 729 659 1894
483 ./JPEGImages/000617.jpg 1080 1920 0 147 257 930 1714
484 ./JPEGImages/000619.jpg 1080 1920 0 147 161 912 1643
485 ./JPEGImages/00062.jpg 960 720 1 549 168 609 311
486 ./JPEGImages/000620.jpg 1080 1920 0 30 114 800 1576
487 ./JPEGImages/000621.jpg 1080 1920 2 196 151 793 1298
488 ./JPEGImages/000622.jpg 1080 1920 0 291 759 802 1857
489 ./JPEGImages/000623.jpg 1080 1920 0 226 1055 808 1914
490 ./JPEGImages/000624.jpg 1080 1920 0 516 1319 1065 1920
491 ./JPEGImages/000625.jpg 1080 1920 0 98 1002 698 1920
492 ./JPEGImages/000626.jpg 1920 1442 1 262 449 436 720 2 1390 233 1842 1027
493 ./JPEGImages/000627.jpg 1080 1920 0 206 372 871 1570
494 ./JPEGImages/000628.jpg 1080 1920 0 261 537 826 1649
495 ./JPEGImages/000629.jpg 1080 1920 0 1 519 693 1892
496 ./JPEGImages/00063.jpg 960 720 2 538 180 607 306 1 1 72 123 380
497 ./JPEGImages/000631.jpg 1080 1920 0 144 202 881 1920
498 ./JPEGImages/000632.jpg 1080 1920 0 108 35 881 1920
499 ./JPEGImages/000633.jpg 1080 1920 2 212 151 808 1284
500 ./JPEGImages/000635.jpg 1080 1920 0 130 57 1044 1920
501 ./JPEGImages/000636.jpg 1080 1920 1 104 431 740 1663
502 ./JPEGImages/000637.jpg 1920 1080 1 501 713 823 1080
503 ./JPEGImages/000638.jpg 1920 1442 0 159 366 355 668 2 1018 288 1138 462 1 1310 179 1518 602
504 ./JPEGImages/000639.jpg 1080 1920 1 240 278 918 1565
505 ./JPEGImages/00064.jpg 960 720 1 170 217 243 326 1 489 74 802 682
506 ./JPEGImages/000640.jpg 1080 1920 1 393 288 1055 1619
507 ./JPEGImages/000641.jpg 1080 1920 1 234 257 898 1604
508 ./JPEGImages/000642.jpg 1080 1920 1 255 323 940 1668
509 ./JPEGImages/000643.jpg 1080 1920 1 22 280 738 1641
510 ./JPEGImages/000644.jpg 1080 1920 1 71 353 891 1904
511 ./JPEGImages/000645.jpg 1080 1920 2 2 555 390 1514
512 ./JPEGImages/000646.jpg 1080 1920 1 271 404 959 1819
513 ./JPEGImages/000647.jpg 1080 1920 1 183 192 889 1627
514 ./JPEGImages/000649.jpg 1920 1442 1 250 308 484 708 0 641 349 725 557 2 1475 371 1604 622
515 ./JPEGImages/000650.jpg 1080 1920 1 328 119 926 1598
516 ./JPEGImages/000651.jpg 1080 1920 1 818 723 1080 1920
517 ./JPEGImages/000652.jpg 1080 1920 1 549 592 1080 1920
518 ./JPEGImages/000653.jpg 1080 1920 1 34 460 755 1884
519 ./JPEGImages/000654.jpg 1080 1920 1 306 410 1034 1729
520 ./JPEGImages/000655.jpg 1080 1920 1 199 380 881 1643
521 ./JPEGImages/000656.jpg 1080 1920 1 247 586 730 1539
522 ./JPEGImages/000657.jpg 1080 1920 2 77 570 749 1819
523 ./JPEGImages/000658.jpg 1080 1920 2 218 433 867 1670
524 ./JPEGImages/000659.jpg 1080 1920 2 226 380 861 1582
525 ./JPEGImages/00066.jpg 1920 1080 2 751 53 884 325
526 ./JPEGImages/000660.jpg 1920 1080 0 441 32 1012 1021
527 ./JPEGImages/000662.jpg 1920 1442 1 172 305 348 626 0 1072 293 1164 486 2 1596 229 1856 628
528 ./JPEGImages/000663.jpg 1920 1442 2 353 205 784 900 0 1636 363 1813 646
529 ./JPEGImages/000664.jpg 1920 1442 2 867 119 1079 611
530 ./JPEGImages/000665.jpg 1920 1442 1 21 328 261 651 0 639 317 728 488 2 1352 225 1468 465
531 ./JPEGImages/000666.jpg 4000 3000 0 608 638 1127 1838 2 1975 1005 2230 1435
532 ./JPEGImages/000668.jpg 1920 1080 2 329 3 444 160 1 916 587 1205 1078
533 ./JPEGImages/000669.jpg 4000 3000 0 1817 573 2208 1525 2 346 786 685 1283 1 2566 857 2811 1315
534 ./JPEGImages/000671.jpg 4000 3000 2 59 702 482 1444 1 2530 1112 2772 1541 0 3711 773 4000 1835
535 ./JPEGImages/000673.jpg 1920 1080 0 713 574 933 1030 2 193 220 326 442 1 1612 285 1734 557
536 ./JPEGImages/000675.jpg 4000 3000 2 691 454 1172 1315 1 1804 896 2027 1283 0 3443 951 3766 1535
537 ./JPEGImages/000676.jpg 4000 3000 2 1008 389 1853 1844 1 1791 1009 1917 1428 0 3830 1180 4000 1835
538 ./JPEGImages/000677.jpg 4000 3000 1 611 1073 908 1657 2 2146 435 2972 2383 2 2962 1089 3279 1664
539 ./JPEGImages/000678.jpg 4000 3000 1 1253 1083 1537 1699 0 3140 1247 3369 1667
540 ./JPEGImages/000679.jpg 1920 1080 1 966 120 1226 664
541 ./JPEGImages/00068.jpg 960 720 1 1 1 463 720
542 ./JPEGImages/000680.jpg 4000 3000 0 972 1222 1179 1593 2 2359 1170 2579 1667
543 ./JPEGImages/000681.jpg 4000 3000 1 698 931 1243 1876 0 1611 1254 1824 1689 2 3537 1293 3827 1844
544 ./JPEGImages/000682.jpg 4000 3000 0 1179 1005 1421 1435 1 1866 812 2291 1615 1 2862 1047 3114 1447
545 ./JPEGImages/000683.jpg 4000 3000 1 1750 1180 2153 2051 2 1633 1373 1759 1760
546 ./JPEGImages/000684.jpg 4608 2592 1 38 1009 1022 2586 0 878 996 1218 1876 2 2272 869 2662 1609 1 3458 736 4218 1966
547 ./JPEGImages/000685.jpg 4000 3000 1 2511 770 2927 1509 2 198 841 459 1367
548 ./JPEGImages/000686.jpg 1920 1080 0 561 7 1059 914
549 ./JPEGImages/000687.jpg 640 480 0 271 52 487 468
550 ./JPEGImages/000688.jpg 4000 3000 0 869 560 1337 1615 2 2427 980 2633 1412
551 ./JPEGImages/000689.jpg 4000 3000 0 685 396 1553 1887 1 3185 1002 3495 1586
552 ./JPEGImages/00069.jpg 4608 2592 1 1165 389 2055 2146 2 2494 785 3016 1669
553 ./JPEGImages/0007.jpg 4000 3000 2 1463 1315 1664 1775
554 ./JPEGImages/00070.jpg 960 720 1 41 119 183 310 0 572 79 665 260
555 ./JPEGImages/00071.jpg 960 720 0 125 1 315 283 1 452 5 960 720
556 ./JPEGImages/00072.jpg 4608 2592 0 1618 43 3722 2592 2 1 583 865 2183
557 ./JPEGImages/00074.jpg 960 720 0 309 29 601 516
558 ./JPEGImages/00075.jpg 960 720 0 272 145 425 385 2 825 222 905 372
559 ./JPEGImages/00076.jpg 960 720 2 173 1 910 720
560 ./JPEGImages/00077.jpg 960 720 1 321 6 867 720 0 1 1 230 276
561 ./JPEGImages/00078.jpg 960 720 1 352 209 399 291 0 470 190 533 294 2 653 59 831 345
562 ./JPEGImages/00079.jpg 1920 1080 2 630 135 790 365
563 ./JPEGImages/0008.jpg 4000 3000 2 1259 1314 1510 1770 0 124 1298 344 1642
564 ./JPEGImages/00082.jpg 960 720 0 378 137 462 289 1 74 133 151 264 2 936 112 960 356
565 ./JPEGImages/00083.jpg 960 720 1 419 259 477 364 1 757 74 960 720 0 1 246 91 526
566 ./JPEGImages/00084.jpg 960 720 0 285 202 419 444 1 719 215 779 321 2 240 242 294 347
567 ./JPEGImages/00085.jpg 960 720 1 315 172 391 299 1 549 184 578 251 0 688 165 737 253
568 ./JPEGImages/00086.jpg 960 720 1 110 55 245 349 2 647 176 715 296
569 ./JPEGImages/00087.jpg 4608 2592 0 1217 893 1785 1767 2 2965 785 3479 1670 1 3961 440 4608 2592 1 1 816 331 2582
570 ./JPEGImages/00088.jpg 960 720 0 368 228 438 359 1 431 257 471 343
571 ./JPEGImages/00089.jpg 960 720 1 248 64 465 571
572 ./JPEGImages/00090.jpg 960 720 0 397 258 457 383
573 ./JPEGImages/00091.jpg 4608 2592 1 1520 466 2122 1697 0 2393 668 2655 1270 2 3215 644 3664 1501 1 285 628 579 1073
574 ./JPEGImages/00092.jpg 960 720 2 134 1 819 720
575 ./JPEGImages/00093.jpg 1920 1080 2 685 168 833 390 0 570 913 1097 1080
576 ./JPEGImages/00094.jpg 4608 2592 2 743 838 1382 1764 1 2404 79 4185 2592
577 ./JPEGImages/00095.jpg 960 720 2 131 77 283 345 1 268 36 600 685
578 ./JPEGImages/00096.jpg 960 720 1 288 238 355 350 2 500 113 695 530 1 855 287 925 383 0 939 273 960 412
579 ./JPEGImages/00097.jpg 960 720 1 780 163 868 297
580 ./JPEGImages/00098.jpg 960 720 1 519 1 958 715
581 ./JPEGImages/IMG_20210622_093522.jpg 3000 4000 2 78 1180 621 2201 0 1187 701 2140 2905 1 2090 1198 2193 1889
582 ./JPEGImages/IMG_20210622_093524.jpg 3000 4000 2 312 1317 765 2330 0 1059 945 2037 3351 1 2078 1439 2484 2151
583 ./JPEGImages/IMG_20210622_093526.jpg 3000 4000 2 453 1308 878 2286 0 959 970 2012 3430 1 2246 1420 2690 2180
584 ./JPEGImages/IMG_20210622_093527.jpg 3000 4000 2 868 1430 1090 2355 0 1050 1064 2218 3567 1 2709 1523 3000 2305
585 ./JPEGImages/IMG_20210622_093532.jpg 3000 4000 0 981 780 2168 3126
586 ./JPEGImages/IMG_20210622_093534.jpg 3000 4000 0 959 1442 1962 3570 2 1975 1611 2296 2517
587 ./JPEGImages/IMG_20210622_093538.jpg 3000 4000 0 1228 1136 1990 2908 2 2590 1423 3000 2376
588 ./JPEGImages/IMG_20210622_093542.jpg 3000 4000 0 1309 1114 1993 2820 2 2831 1395 3000 2342
589 ./JPEGImages/IMG_20210622_093544.jpg 3000 4000 0 1381 1105 2193 2986
590 ./JPEGImages/IMG_20210622_093546.jpg 3000 4000 0 1303 942 2356 3033
591 ./JPEGImages/IMG_20210622_093548.jpg 3000 4000 0 1318 1292 2409 3411
592 ./JPEGImages/IMG_20210622_093550.jpg 3000 4000 0 718 1017 1706 3398
593 ./JPEGImages/IMG_20210622_093553.jpg 3000 4000 0 881 573 1984 3123
594 ./JPEGImages/IMG_20210622_093555.jpg 3000 4000 0 71 1017 1359 3642
595 ./JPEGImages/IMG_20210622_093600.jpg 3000 4000 0 975 1098 1993 3136
596 ./JPEGImages/IMG_20210622_093603.jpg 3000 4000 0 1096 1120 1837 2945
597 ./JPEGImages/IMG_20210622_093605.jpg 3000 4000 0 890 1186 1753 3126
598 ./JPEGImages/IMG_20210622_093609.jpg 3000 4000 1 256 1526 643 2295 0 1087 1061 2240 3261
599 ./JPEGImages/IMG_20210622_093611.jpg 3000 4000 1 803 1580 1131 2239 0 1081 1308 2112 3345
600 ./JPEGImages/IMG_20210622_093613.jpg 3000 4000 0 459 1380 1340 3417
601 ./JPEGImages/IMG_20210622_093619.jpg 4000 3000 2 769 916 1331 1852 0 2056 703 2841 2452
602 ./JPEGImages/IMG_20210622_093622.jpg 4000 3000 2 687 490 1321 1493 1 2210 475 2415 1124 0 2408 244 3336 1996
603 ./JPEGImages/IMG_20210622_093626.jpg 4000 3000 2 392 365 1103 1514 1 1944 519 2279 1180 0 2531 111 3664 1973
604 ./JPEGImages/IMG_20210622_093631.jpg 4000 3000 2 172 447 1074 1762 1 1405 588 1749 1244 0 2908 373 3841 1880
605 ./JPEGImages/IMG_20210622_093637.jpg 3000 4000 2 1015 1258 1606 2383 1 1959 1445 2231 2080
606 ./JPEGImages/IMG_20210622_093641.jpg 3000 4000 2 1343 998 2321 3280
607 ./JPEGImages/IMG_20210622_093645.jpg 3000 4000 1 134 1305 684 2261 2 1025 742 2256 3398
608 ./JPEGImages/IMG_20210622_093648.jpg 3000 4000 2 1093 836 2399 3486
609 ./JPEGImages/IMG_20210622_093653.jpg 3000 4000 0 1 1239 490 2205 2 1035 873 2013 2913
610 ./JPEGImages/IMG_20210622_093656.jpg 3000 4000 0 1 1492 259 2614 2 1446 970 2553 3033
611 ./JPEGImages/IMG_20210622_093701.jpg 3000 4000 2 931 1117 1915 3180
612 ./JPEGImages/IMG_20210622_093704.jpg 3000 4000 2 1406 942 2406 3180
613 ./JPEGImages/IMG_20210622_093711.jpg 3000 4000 2 978 1436 1878 3533
614 ./JPEGImages/IMG_20210622_093716.jpg 3000 4000 2 756 1473 1681 3361
615 ./JPEGImages/IMG_20210622_093718.jpg 3000 4000 2 1143 1055 2275 3036
616 ./JPEGImages/IMG_20210622_093720.jpg 3000 4000 2 1440 1361 2487 3573
617 ./JPEGImages/IMG_20210622_093724.jpg 3000 4000 1 709 970 1768 3080
618 ./JPEGImages/IMG_20210622_093734.jpg 3000 4000 0 168 1961 600 2705 1 1456 1470 2353 3520
619 ./JPEGImages/IMG_20210622_093736.jpg 3000 4000 1 934 833 2284 3655
620 ./JPEGImages/IMG_20210622_093744.jpg 3000 4000 1 262 701 1559 3586 0 2678 1226 3000 2073
621 ./JPEGImages/IMG_20210622_093750.jpg 3000 4000 1 540 180 2021 3589
622 ./JPEGImages/IMG_20210622_093751.jpg 3000 4000 1 750 417 2150 3701
623 ./JPEGImages/IMG_20210622_093753.jpg 3000 4000 1 721 476 2050 3564
624 ./JPEGImages/IMG_20210622_093754.jpg 3000 4000 1 662 464 1981 3501
625 ./JPEGImages/IMG_20210622_093757.jpg 3000 4000 1 381 542 1737 3486
626 ./JPEGImages/IMG_20210622_093803.jpg 3000 4000 1 756 1117 1971 3436
627 ./JPEGImages/IMG_20210622_093804.jpg 3000 4000 1 1293 961 2634 3408
628 ./JPEGImages/IMG_20210622_093816.jpg 3000 4000 0 362 1430 787 2111 1 1121 1270 1887 3105 2 1859 1373 2153 2120
629 ./JPEGImages/IMG_20210622_093823.jpg 3000 4000 1 296 1642 1303 3476 0 1225 1664 1434 2280 2 2290 1595 2753 2455
630 ./JPEGImages/IMG_20210622_093825.jpg 3000 4000 1 421 1648 1353 3345 0 2125 1711 2440 2358
631 ./JPEGImages/IMG_20210622_093833.jpg 3000 4000 0 153 1545 550 2114 1 778 1692 1584 2373 1 1500 1648 2009 2139
632 ./JPEGImages/IMG_20210622_093834.jpg 3000 4000 0 800 1667 1159 2195 1 1340 1914 2081 2645 1 1996 1855 2546 2392
633 ./JPEGImages/IMG_20210622_093838.jpg 3000 4000 0 1109 1670 1437 2226 1 659 2130 1415 3067 1 1762 2008 2350 2720 2 2103 1864 2693 2298
634 ./JPEGImages/IMG_20210622_093842.jpg 3000 4000 1 109 1667 1159 2655 1 1768 1560 2737 2557 0 2100 1439 2409 1617
635 ./JPEGImages/IMG_20210622_093844.jpg 3000 4000 1 321 1742 1156 2542 1 1553 1717 2525 2748
636 ./JPEGImages/IMG_20210622_093903.jpg 3000 4000 1 1534 1355 2121 2576 2 2581 1598 2925 2226
637 ./JPEGImages/IMG_20210622_093904.jpg 3000 4000 1 1031 1573 1612 2698 0 981 1673 1078 2101 2 1978 1555 2275 2133
638 ./JPEGImages/IMG_20210622_093906.jpg 3000 4000 1 1431 1217 2103 2683 0 2293 1595 2634 2164
639 ./JPEGImages/IMG_20210622_093914.jpg 3000 4000 1 934 814 2015 3301 2 2796 1017 3000 1961
640 ./JPEGImages/IMG_20210622_093916.jpg 3000 4000 1 850 683 1950 3364 2 2715 1233 3000 2126
641 ./JPEGImages/IMG_20210622_093917.jpg 3000 4000 1 821 586 1918 3270 2 2721 1211 3000 2101
642 ./JPEGImages/IMG_20210622_093928.jpg 3000 4000 1 840 470 1975 3211 2 2237 1155 2678 2080
643 ./JPEGImages/IMG_20210622_093953.jpg 3000 4000 2 309 1258 840 2264 1 812 1489 1031 2011 0 2281 1295 2781 2305
644 ./JPEGImages/IMG_20210622_093955.jpg 3000 4000 2 218 1655 750 2826 0 2315 1745 2737 2751
645 ./JPEGImages/IMG_20210622_094001.jpg 3000 4000 1 50 1526 475 2276 2 1146 1380 1943 2845 0 2737 1658 3000 2589
646 ./JPEGImages/IMG_20210622_094003.jpg 3000 4000 2 1440 1389 2281 2967 0 2218 1701 2703 2495
647 ./JPEGImages/IMG_20210622_094008.jpg 3000 4000 1 871 1698 1178 2305 0 2231 1845 2428 2283 2 2465 1808 2765 2392
648 ./JPEGImages/IMG_20210622_094011.jpg 3000 4000 1 56 1401 446 2039 0 1368 1648 1553 2058 2 1581 1670 1890 2223
649 ./JPEGImages/IMG_20210622_094018.jpg 3000 4000 1 690 1286 1143 1917 0 1975 1217 2203 1648 2 2296 1126 2643 1717
650 ./JPEGImages/IMG_20210622_094035.jpg 3000 4000 0 1037 1573 1250 1942 1 1246 1467 1540 2051 2 1715 1545 1918 1933
651 ./JPEGImages/IMG_20210622_094038.jpg 3000 4000 0 1090 1514 1303 1864 1 1415 1398 1696 1989 2 1753 1489 1968 1889
652 ./JPEGImages/IMG_20210622_094046.jpg 3000 4000 0 843 1470 1093 1911 2 1659 1576 1831 2008 1 1753 1485 2193 2170
653 ./JPEGImages/IMG_20210622_094049.jpg 3000 4000 0 956 1211 1222 1717 2 1880 1305 2136 1780 1 2409 1251 2928 2020
654 ./JPEGImages/IMG_20210622_094052.jpg 3000 4000 0 931 1442 1225 1992 2 1825 1548 2125 2033
655 ./JPEGImages/IMG_20210622_094053.jpg 3000 4000 0 306 1261 603 1858 2 1227 1429 1521 1901 1 2284 1458 2678 2139
656 ./JPEGImages/IMG_20210622_094053_1.jpg 3000 4000 0 250 1251 587 1858 2 1215 1398 1500 1892 1 2246 1414 2668 2105
657 ./JPEGImages/IMG_20210622_094056.jpg 3000 4000 0 140 1123 468 1757 2 1021 1248 1303 1742 1 2178 1320 2603 1939
658 ./JPEGImages/IMG_20210622_094059.jpg 3000 4000 0 810 1248 1175 1879 2 1400 1376 1684 1842 1 2590 1492 3000 2036
659 ./JPEGImages/IMG_20210622_094101.jpg 3000 4000 0 518 1580 875 2186 2 953 1642 1193 2086 1 2084 1658 2359 2111
660 ./JPEGImages/IMG_20210622_094104.jpg 3000 4000 0 90 873 603 1714 2 553 1005 803 1570 1 1824 1139 2180 1680
661 ./JPEGImages/IMG_20210622_094107.jpg 3000 4000 0 484 1058 981 2017 1 1934 1342 2265 1870
662 ./JPEGImages/IMG_20210622_094109.jpg 3000 4000 2 1131 1145 1481 1814 0 1500 992 2081 2114 1 2375 1370 2756 1926
663 ./JPEGImages/IMG_20210622_094112.jpg 3000 4000 2 1175 1076 1603 1767 0 2171 1089 2909 2108
664 ./JPEGImages/IMG_20210622_094114.jpg 3000 4000 2 2156 1251 2571 1942
665 ./JPEGImages/IMG_20210622_094145.jpg 3000 4000 2 640 1301 1065 2173 0 1387 945 2115 2645 1 2165 1414 2490 2033
666 ./JPEGImages/IMG_20210622_094148.jpg 3000 4000 0 1643 905 2515 2373
667 ./JPEGImages/IMG_20210622_094150.jpg 3000 4000 0 484 1164 1315 2611 2 1650 1455 2125 2242
668 ./JPEGImages/IMG_20210622_094153.jpg 3000 4000 0 631 1201 1097 2294 2 2034 1430 2540 2220
669 ./JPEGImages/IMG_20210622_094157.jpg 3000 4000 2 537 1355 987 2105 1 2262 1126 3000 2530
670 ./JPEGImages/IMG_20210622_094200.jpg 3000 4000 1 1534 1111 2765 3036 2 962 1130 1371 1914
671 ./JPEGImages/IMG_20210622_094206.jpg 3000 4000 1 2190 1105 3000 2430
672 ./JPEGImages/IMG_20210622_094210.jpg 3000 4000 1 831 1033 1600 2164 0 1509 1464 1896 2030 2 2637 1626 3000 2326
673 ./JPEGImages/IMG_20210622_094212.jpg 3000 4000 1 637 1301 1246 2355 0 1940 1551 2290 2158
674 ./JPEGImages/IMG_20210622_094214.jpg 3000 4000 1 153 1030 815 2170 0 1912 1330 2284 1986
675 ./JPEGImages/IMG_20210622_094216.jpg 3000 4000 0 978 1361 1300 1992 2 1675 1326 2337 2276
676 ./JPEGImages/IMG_20210622_094227.jpg 3000 4000 1 540 1501 931 2126 0 1359 1361 1794 2030 2 1893 1058 2465 2148
677 ./JPEGImages/IMG_20210622_094229.jpg 3000 4000 2 959 1189 1925 2761 0 1756 1508 2090 2330
678 ./JPEGImages/IMG_20210622_094232.jpg 3000 4000 2 1 983 978 2623 1 1559 1311 1959 1980 0 1871 1095 2359 2095
679 ./JPEGImages/IMG_20210622_094235.jpg 3000 4000 2 196 1351 853 2217 0 1734 1183 2243 2020 1 2184 1214 2509 1851
680 ./JPEGImages/IMG_20210622_094237.jpg 3000 4000 2 1 1423 434 2205 0 1109 1192 1609 2180 1 2137 1155 2640 1961
681 ./JPEGImages/IMG_20210622_094239.jpg 3000 4000 2 1 1620 146 2348 0 456 1539 984 2514 1 1684 1486 2168 2339
682 ./JPEGImages/IMG_20210622_094245.jpg 3000 4000 0 768 1686 1028 2195 1 1518 1573 1865 2195
683 ./JPEGImages/IMG_20210622_094247.jpg 3000 4000 2 246 1458 609 2020 0 1340 1389 1637 1905 1 1643 1255 2084 1986
684 ./JPEGImages/IMG_20210622_094251.jpg 3000 4000 2 496 1767 800 2239 1 1371 1567 1734 2276
685 ./JPEGImages/IMG_20210622_094254.jpg 3000 4000 2 1053 1642 1187 2139 1 1093 1376 1609 2361 0 1887 1505 2246 2170
686 ./JPEGImages/IMG_20210622_094259.jpg 3000 4000 1 646 1420 1146 2270 0 1600 1583 1856 2189
687 ./JPEGImages/IMG_20210622_094300.jpg 3000 4000 1 600 1289 1093 2136 0 1561 1458 1821 2067
688 ./JPEGImages/IMG_20210622_094303.jpg 3000 4000 1 503 1673 984 2464 2 1415 1873 1625 2330 0 1737 1748 2084 2395
689 ./JPEGImages/IMG_20210622_094304.jpg 3000 4000 1 228 1426 715 2201 2 1175 1626 1396 2105 0 1475 1520 1800 2151
